tracking_target:
  latitude_north: 69.5381108
  longitude_west: -19.0254101
