tracking_target:
  latitude_north: -29.010417
  longitude_west: -115.341708
