tracking_target:
  latitude_north: 38.672646
  longitude_west: 4.1629615
